0	0.
0.1	-0.5967586666312907
0.2	-0.8439441998136559
0.30000000000000004	-1.0336163304624537
0.4	-1.1935173332625815
0.5	-1.3343929447497016
0.6000000000000001	-1.4617542328303126
0.7000000000000001	-1.5788750246288943
0.8	-1.6878883996273117
0.9	-1.7902759998938722
1.	-1.8871166
1.1	-1.9792245876087722
1.2000000000000002	-2.067232660924907
1.3	-2.15164397161664
1.4000000000000001	-2.232866473122337
1.5	-2.311236377567933
1.6	-2.387034666525163
1.7000000000000002	-2.460499015523569
1.8	-2.531832599440968
1.9000000000000001	-2.6012107215278744
2.	-2.668785889499403
2.1	-2.7346917614588078
2.2	-2.799046254778623
2.3000000000000003	-2.861954025240411
2.4000000000000004	-2.9235084656606256
2.5	-2.9837933331564543
2.6	-3.0428840860585633
2.7	-3.100848991387361
2.8000000000000003	-3.157750049257789
2.9000000000000004	-3.2136437698953393
3.	-3.2685818310066344
3.1	-3.3226116372796626
3.2	-3.3757767992546244
3.3000000000000003	-3.4281175453279533
3.4000000000000004	-3.4796710779590807
3.5	-3.530471883046863
3.6	-3.580551999787745
3.7	-3.6299412570155427
3.8000000000000003	-3.6786674809750246
3.9000000000000004	-3.7267566786393087
4.	-3.7742332000000007
4.1000000000000005	-3.8211198822049273
4.2	-3.8674381779650147
4.3	-3.913208270279121
4.4	-3.9584491752175452
4.5	-4.003178834249104
4.6000000000000005	-4.04741419738326
4.7	-4.091171298220002
4.800000000000001	-4.134465321849814
4.9	-4.177310666419034
5.	-4.2197209990682785
5.1000000000000005	-4.261709306860023
5.2	-4.303287943233278
5.300000000000001	-4.3444686704563145
5.4	-4.385262698490936
5.5	-4.425680720632202
5.6000000000000005	-4.465732946244672
5.7	-4.5054291308791745
5.800000000000001	-4.544778604021788
5.9	-4.5837902946986775
6.	-4.622472755135863
6.1000000000000005	-4.660834182651524
6.2	-4.69888243993957
6.300000000000001	-4.736625073886681
6.4	-4.774069333050323
6.5	-4.811222183912432
6.6000000000000005	-4.848090326011952
6.7	-4.884680206049341
6.800000000000001	-4.920998031047135
6.9	-4.957049780642649
7.	-4.9928412185817495
7.1000000000000005	-5.028377903476273
7.2	-5.063665198881932
7.300000000000001	-5.098708282748441
7.4	-5.133512156289016
7.5	-5.168081652312265
7.6000000000000005	-5.202421443055744
7.7	-5.23653604755718
7.800000000000001	-5.270429838596215
7.9	-5.304107049236928
8.	-5.337571778998802
8.1	-5.370827999681612
8.200000000000001	-5.403879560867686
8.3	-5.436730195123085
8.4	-5.46938352291761
8.5	-5.501843057282006
8.6	-5.5341122082192875
8.700000000000001	-5.566194286885907
8.8	-5.598092509557239
8.9	-5.629810001390848
9.	-5.661349799999995
9.1	-5.692714858848943
9.200000000000001	-5.723908050480815
9.3	-5.754932169587982
9.4	-5.785789935934263
9.5	-5.816483997137596
9.600000000000001	-5.847016931321245
9.700000000000001	-5.877391249641023
9.8	-5.907609398695586
9.9	-5.9376737628263125
10.	-5.967586666312902
10.100000000000001	-5.997350375470411
10.200000000000001	-6.026967100653083
10.3	-6.05643899816998
10.4	-6.0857681721171195
10.5	-6.114956676130526
10.600000000000001	-6.144006515064324
10.700000000000001	-6.172919646597744
10.8	-6.201697982774715
10.9	-6.230343391479439
11.	-6.258857697851188
11.100000000000001	-6.287242685641348
11.200000000000001	-6.315500098515571
11.3	-6.343631641303721
11.4	-6.37163898120015
11.5	-6.3995237489167
11.600000000000001	-6.42728753979067
11.700000000000001	-6.4549319148499125
11.8	-6.4824584018370315
11.9	-6.50986849619461
12.	-6.537163662013261
12.100000000000001	-6.564345332944191
12.200000000000001	-6.591414913077899
12.3	-6.61837377779053
12.4	-6.645223274559316
12.5	-6.6719647237485
12.600000000000001	-6.698599419367003
12.700000000000001	-6.725128629799099
12.8	-6.751553598509239
12.9	-6.777875544722153
13.	-6.8040956640792585
13.100000000000001	-6.83021512927241
13.200000000000001	-6.856235090655898
13.3	-6.882156676837635
13.4	-6.907980995250377
13.5	-6.93370913270379
13.600000000000001	-6.959342155918151
13.700000000000001	-6.984881112040423
13.8	-7.010327029143405
13.9	-7.0356809167086425
14.	-7.060943766093716
14.100000000000001	-7.086116550984556
14.200000000000001	-7.111200227833332
14.3	-7.136195736282489
14.4	-7.16110399957548
14.5	-7.1859259249546605
14.600000000000001	-7.210662404046874
14.700000000000001	-7.235314313237165
14.8	-7.259882514031075
14.9	-7.2843678534059295
15.	-7.308771164151554
15.100000000000001	-7.333093265200764
15.200000000000001	-7.3573349619500386
15.3	-7.381497046570697
15.4	-7.405580298310962
15.5	-7.4295854837891895
15.600000000000001	-7.453513357278606
15.700000000000001	-7.477364660983851
15.8	-7.501140125309599
15.9	-7.524840469121539
16.	-7.54846639999999
16.1	-7.572018614486389
16.2	-7.595497798322894
16.3	-7.618904626685354
16.400000000000002	-7.642239764409845
16.5	-7.665503866213011
16.6	-7.688697576906388
16.7	-7.711821531604951
16.8	-7.734876355930021
16.900000000000002	-7.757862666206773
17.	-7.780781069656466
17.1	-7.803632164583616
17.2	-7.8264165405582355
17.3	-7.849134778593313
17.400000000000002	-7.87178745131769
17.5	-7.894375123144467
17.6	-7.916898350435086
17.7	-7.939357681659224
17.8	-7.961753657550634
17.900000000000002	-7.984086811259035
18.	-8.006357668498206
18.1	-8.028566747690375
18.2	-8.050714560107018
18.3	-8.0728016100062
18.400000000000002	-8.094828394766518
18.5	-8.116795405017784
18.6	-8.138703124768552
18.7	-8.160552031530523
18.8	-8.182342596440003
18.900000000000002	-8.204075284376422
19.	-8.225750554078068
19.1	-8.247368858255049
19.200000000000003	-8.26893064369963
19.3	-8.290436351393955
19.400000000000002	-8.311886416615296
19.5	-8.333281269038832
19.6	-8.354621332838072
19.700000000000003	-8.375907026782984
19.8	-8.39713876433587
19.900000000000002	-8.41831695374507
20.	-8.439441998136562
20.1	-8.460514295603478
20.200000000000003	-8.48153423929364
20.3	-8.50250221749515
20.400000000000002	-8.523418613720054
20.5	-8.54428380678621
20.6	-8.56509817089732
20.700000000000003	-8.585862075721236
20.8	-8.606575886466565
20.900000000000002	-8.627239963957608
21.	-8.647854664707708
21.1	-8.668420340990995
21.200000000000003	-8.688937340912638
21.3	-8.70940600847759
21.400000000000002	-8.729826683657876
21.5	-8.75019970245849
21.6	-8.770525396981883
21.700000000000003	-8.790804095491138
21.8	-8.811036122471826
21.900000000000002	-8.831221798692575
22.	-8.851361441264416
22.1	-8.871455363698903
22.200000000000003	-8.891503875965055
22.3	-8.911507284545143
22.400000000000002	-8.931465892489358
22.5	-8.95137999946937
22.6	-8.97124990183084
22.700000000000003	-8.99107589264485
22.8	-9.010858261758363
22.900000000000002	-9.030597295843643
23.	-9.05029327844673
23.1	-9.069946490034967
23.200000000000003	-9.089557208043592
23.3	-9.109125706921427
23.400000000000002	-9.128652258175702
23.5	-9.148137130416
23.6	-9.167580589397371
23.700000000000003	-9.186982898062617
23.8	-9.206344316583786
23.900000000000002	-9.225665102402868
24.	-9.244945510271744
24.1	-9.264185792291368
24.200000000000003	-9.283386197950229
24.3	-9.302546974162096
24.400000000000002	-9.321668365303067
24.5	-9.340750613247925
24.6	-9.359793957405849
24.700000000000003	-9.378798634755446
24.8	-9.397764879879162
24.900000000000002	-9.416692924997063
25.	-9.435583000000017
25.1	-9.454435332482255
25.200000000000003	-9.473250147773383
25.3	-9.492027668969786
25.400000000000002	-9.510768116965503
25.5	-9.529471710482545
25.6	-9.548138666100668
25.700000000000003	-9.566769198286652
25.8	-9.585363519423026
25.900000000000002	-9.603921839836335
26.	-9.622444367824887
26.1	-9.640931309686033
26.200000000000003	-9.659382869742975
26.3	-9.677799250371109
26.400000000000002	-9.696180652023928
26.5	-9.714527273258472
26.6	-9.732839310760363
26.700000000000003	-9.75111695936839
26.8	-9.769360412098706
26.900000000000002	-9.787569860168608
27.	-9.805745493019922
27.1	-9.823887498341993
27.200000000000003	-9.841996062094298
27.3	-9.86007136852869
27.400000000000002	-9.878113600211266
27.5	-9.896122938043884
27.6	-9.914099561285326
27.700000000000003	-9.932043647572108
27.8	-9.949955372938966
27.900000000000002	-9.967834911839008
28.	-9.985682437163527
28.1	-10.003498120261517
28.200000000000003	-10.021282130958856
28.3	-10.0390346375772
28.400000000000002	-10.056755806952577
28.5	-10.074445804453658
28.6	-10.092104793999788
28.700000000000003	-10.109732938078684
28.8	-10.127330397763895
28.900000000000002	-10.144897332731968
29.	-10.162433901279345
29.1	-10.179940260339022
29.200000000000003	-10.197416565496914
29.3	-10.214862971008001
29.400000000000002	-10.232279629812213
29.5	-10.249666693550067
29.6	-10.267024312578066
29.700000000000003	-10.284352635983884
29.8	-10.301651811601294
29.900000000000002	-10.318921986024888
30.	-10.336163304624563
30.1	-10.353375911559809
30.200000000000003	-10.370559949793765
30.3	-10.387715561107074
30.400000000000002	-10.404842886111524
30.5	-10.42194206426351
30.6	-10.439013233877267
30.700000000000003	-10.45605653213793
30.8	-10.473072095114397
30.900000000000002	-10.490060057771995
31.	-10.507020553984987
31.1	-10.523953716548858
31.200000000000003	-10.540859677192467
31.3	-10.55773856658999
31.400000000000002	-10.574590514372705
31.5	-10.591415649140618
31.6	-10.608214098473896
31.700000000000003	-10.624985988944168
31.8	-10.641731446125647
31.900000000000002	-10.658450594606094
32.	-10.675143557997643
32.1	-10.691810458947453
32.2	-10.70845141914823
32.300000000000004	-10.725066559348583
32.4	-10.741655999363266
32.5	-10.75821985808323
32.6	-10.774758253485595
32.7	-10.791271302643423
32.800000000000004	-10.807759121735415
32.9	-10.824221826055425
33.	-10.84065953002188
33.1	-10.85707234718705
33.2	-10.873460390246212
33.300000000000004	-10.889823771046657
33.4	-10.90616260059662
33.5	-10.922476989074044
33.6	-10.938767045835265
33.7	-10.955032879423554
33.800000000000004	-10.971274597577562
33.9	-10.98749230723964
34.	-11.003686114564054
34.1	-11.019856124925104
34.2	-11.036002442925106
34.300000000000004	-11.052125172402295
34.4	-11.068224416438621
34.5	-11.084300277367426
34.6	-11.100352856781047
34.7	-11.116382255538298
34.800000000000004	-11.13238857377186
34.9	-11.148371910895593
35.	-11.164332365611722
35.1	-11.180270035917959
35.2	-11.196185019114527
35.300000000000004	-11.212077411811073
35.4	-11.227947309933532
35.5	-11.243794808730867
35.6	-11.259620002781745
35.7	-11.275422986001116
35.800000000000004	-11.291203851646726
35.9	-11.306962692325532
36.	-11.322699600000037
36.1	-11.338414665994561
36.2	-11.35410798100142
36.300000000000004	-11.369779635087028
36.4	-11.385429717697933
36.5	-11.401058317666777
36.6	-11.41666552321817
36.7	-11.432251421974497
36.800000000000004	-11.447816100961681
36.9	-11.46335964661482
37.	-11.478882144783812
37.1	-11.494383680738874
37.2	-11.509864339176016
37.300000000000004	-11.525324204222425
37.4	-11.540763359441822
37.5	-11.556181887839703
37.6	-11.571579871868577
37.7	-11.586957393433082
37.800000000000004	-11.602314533895084
37.9	-11.617651374078697
38.	-11.632967994275246
38.1	-11.648264474248162
38.2	-11.66354089323784
38.300000000000004	-11.678797329966425
38.400000000000006	-11.694033862642543
38.5	-11.709250568965976
38.6	-11.724447526132291
38.7	-11.739624810837404
38.800000000000004	-11.7547824992821
38.900000000000006	-11.76992066717649
39.	-11.785039389744433
39.1	-11.800138741727887
39.2	-11.815218797391227
39.300000000000004	-11.830279630525498
39.400000000000006	-11.845321314452644
39.5	-11.86034392202965
39.6	-11.87534752565268
39.7	-11.890332197261133
39.800000000000004	-11.905298008341678
39.900000000000006	-11.920245029932223
40.	-11.935173332625858
40.1	-11.950082986574738
40.2	-11.964974061493932
40.300000000000004	-11.979846626665225
40.400000000000006	-11.99470075094088
40.5	-12.009536502747359
40.6	-12.024353950088996
40.7	-12.039153160551633
40.800000000000004	-12.053934201306225
40.900000000000006	-12.068697139112386
41.	-12.083442040321916
41.1	-12.098168970882272
41.2	-12.11287799634002
41.300000000000004	-12.127569181844223
41.400000000000006	-12.142242592149826
41.5	-12.156898291620971
41.6	-12.1715363442343
41.7	-12.186156813582205
41.800000000000004	-12.200759762876062
41.900000000000006	-12.215345254949412
42.	-12.229913352261113
42.1	-12.24446411689847
42.2	-12.25899761058031
42.300000000000004	-12.273513894660052
42.400000000000006	-12.288013030128708
42.5	-12.302495077617891
42.6	-12.31696009740277
42.7	-12.331408149404982
42.800000000000004	-12.34583929319555
42.900000000000006	-12.360253587997729
43.	-12.374651092689858
43.1	-12.389031865808153
43.2	-12.40339596554949
43.300000000000004	-12.417743449774155
43.400000000000006	-12.432074376008556
43.5	-12.446388801447915
43.6	-12.460686782958941
43.7	-12.474968377082453
43.800000000000004	-12.489233640035996
43.900000000000006	-12.503482627716421
44.	-12.517715395702439
44.1	-12.531931999257155
44.2	-12.546132493330566
44.300000000000004	-12.560316932562035
44.400000000000006	-12.57448537128276
44.5	-12.588637863518185
44.6	-12.602774462990412
44.7	-12.616895223120578
44.800000000000004	-12.631000197031208
44.900000000000006	-12.64508943754855
45.	-12.659162997204891
45.1	-12.673220928240818
45.2	-12.687263282607507
45.300000000000004	-12.701290111968948
45.400000000000006	-12.715301467704167
45.5	-12.729297400909418
45.6	-12.743277962400368
45.7	-12.75724320271423
45.800000000000004	-12.771193172111914
45.900000000000006	-12.785127920580129
46.	-12.799047497833467
46.1	-12.812951953316482
46.2	-12.826841336205739
46.300000000000004	-12.840715695411834
46.400000000000006	-12.854575079581409
46.5	-12.868419537099143
46.6	-12.882249116089724
46.7	-12.896063864419796
46.800000000000004	-12.909863829699894
46.900000000000006	-12.923649059286356
47.	-12.937419600283231
47.1	-12.951175499544135
47.2	-12.96491680367413
47.300000000000004	-12.97864355903156
47.400000000000006	-12.99235581172987
47.5	-13.006053607639426
47.6	-13.019736992389289
47.7	-13.033406011369001
47.800000000000004	-13.04706070973034
47.900000000000006	-13.060701132389056
48.	-13.074327324026592
48.1	-13.087939329091798
48.2	-13.101537191802626
48.300000000000004	-13.115120956147793
48.400000000000006	-13.128690665888453
48.5	-13.142246364559833
48.6	-13.155788095472872
48.7	-13.169315901715823
48.800000000000004	-13.18282982615587
48.900000000000006	-13.196329911440696
49.	-13.209816200000056
49.1	-13.22328873404735
49.2	-13.236747555581132
49.300000000000004	-13.250192706386676
49.400000000000006	-13.263624228037456
49.5	-13.277042161896668
49.6	-13.290446549118705
49.7	-13.303837430650635
49.800000000000004	-13.317214847233652
49.900000000000006	-13.330578839404536