0	453.7207871241787
0.00841683366733467	453.7207871241787
0.01683366733466934	448.5715383287035
0.02525050100200401	443.4664447000997
0.03366733466933868	438.40525242477844
0.042084168336673354	433.3877084215373
0.05050100200400802	428.41356034155996
0.05891783567134269	423.4825565684163
0.06733466933867736	418.59444621806244
0.07575150300601204	413.7489791388405
0.08416833667334671	408.9459059114792
0.09258517034068138	404.18497784909283
0.10100200400801604	399.4659469971825
0.10941883767535071	394.7885661336351
0.11783567134268538	390.1525887687239
0.12625250501002006	385.5577691451082
0.13466933867735473	381.0038622378337
0.1430861723446894	376.4906237543322
0.15150300601202407	372.0178101344216
0.15991983967935874	367.5851785503061
0.16833667334669342	363.1924869065761
0.1767535070140281	358.8394938402081
0.18517034068136276	354.5259587205648
0.19358717434869743	350.2516416493952
0.20200400801603208	346.0163034608344
0.21042084168336675	341.8197057214037
0.21883767535070142	337.6616107300105
0.2272545090180361	333.5417815179486
0.23567134268537077	329.4599818488979
0.24408817635270544	325.41597621892436
0.2525050100200401	321.40952985648033
0.2609218436873748	317.4404087224042
0.26933867735470945	313.5083795099207
0.2777555110220441	309.61320964464056
0.2861723446893788	305.7546672845608
0.29458917835671344	301.9325213200647
0.30300601202404814	298.1465413739217
0.3114228456913828	294.3964978012873
0.3198396793587175	290.6821616897032
0.32825651302605213	287.0033048590976
0.33667334669338683	283.35969986178446
0.3450901803607215	279.7511199824643
0.3535070140280562	276.17733923822345
0.3619238476953908	272.6381323785349
0.3703406813627255	269.1332748852574
0.37875751503006017	265.66254297263606
0.38717434869739487	262.22571358730227
0.3955911823647295	258.82256440827354
0.40400801603206415	255.45287384695348
0.41242484969939885	252.1164210471319
0.4208416833667335	248.81298588498504
0.4292585170340682	245.542348969075
0.43767535070140284	242.30429164035036
0.44609218436873754	239.0985959721457
0.4545090180360722	235.92504477018178
0.4629258517034069	232.78342157256571
0.47134268537074153	229.67351064979064
0.47975951903807623	226.595097004736
0.4881763527054109	223.5479663726674
0.4965931863727456	220.53190522123657
0.5050100200400802	217.5467007504815
0.5134268537074149	214.59214089282636
0.5218436873747496	211.66801431308147
0.5302605210420842	208.77411040844345
0.5386773547094189	205.9102193084949
0.5470941883767536	203.07613187520485
0.5555110220440882	200.27163970292838
0.5639278557114229	197.49653511840674
0.5723446893787576	194.7506111807675
0.5807615230460923	192.03366168152428
0.5891783567134269	189.34548114457698
0.5975951903807616	186.68586482621168
0.6060120240480963	184.05460871510058
0.614428857715431	181.4515095323022
0.6228456913827656	178.87636473126113
0.6312625250501003	176.3289724978082
0.639679358717435	173.80913175016042
0.6480961923847697	171.316642138921
0.6565130260521043	168.85130404707934
0.664929859719439	166.412918590011
0.6733466933867737	164.0012876154778
0.6817635270541083	161.61621370362766
0.690180360721443	159.2575001669948
0.6985971943887777	156.92495105049946
0.7070140280561124	154.61837113144827
0.7154308617234469	152.33756591953397
0.7238476953907816	150.0823416568354
0.7322645290581163	147.8525053178177
0.740681362725451	145.6478646093322
0.7490981963927856	143.46822797061637
0.7575150300601203	141.31340457329387
0.765931863727455	139.1832043213746
0.7743486973947897	137.0774378512546
0.7827655310621243	134.9959165317161
0.791182364729459	132.93845246392758
0.7995991983967937	130.90485848144365
0.8080160320641283	128.89494815020518
0.816432865731463	126.90853576853911
0.8248496993987977	124.94543636715868
0.8332665330661324	123.00546570916327
0.841683366733467	121.08844029003848
0.8501002004008017	119.19417733765607
0.8585170340681364	117.322494812274
0.8669338677354711	115.47321140653642
0.8753507014028057	113.6461465454737
0.8837675350701404	111.84112038650235
0.8921843687374751	110.05795381942511
0.9006012024048098	108.29646846643088
0.9090180360721444	106.55648668209479
0.9174348697394791	104.8378315533781
0.9258517034068138	103.1403268996283
0.9342685370741485	101.46379727257911
0.9426853707414831	99.80806795635038
0.9511022044088178	98.17296496744815
0.9595190380761525	96.55831505476468
0.967935871743487	94.96394569957839
0.9763527054108218	93.38968511555392
0.9847695390781565	91.83536224874209
0.9931863727454912	90.30080677757991
1.0016032064128257	88.7858491128906
1.0100200400801604	87.2903203978835
1.0184368737474951	85.81405250815423
1.0268537074148298	84.35687805168455
1.0352705410821645	82.91863036884241
1.0436873747494992	81.49914353238198
1.0521042084168337	80.09825234744359
1.0605210420841684	78.71579235155377
1.0689378757515031	77.35159981462525
1.0773547094188378	76.00551173895694
1.0857715430861725	74.67736585923393
1.0941883767535072	73.36700064252751
1.102605210420842	72.0742552882952
1.1110220440881764	70.79896972838067
1.119438877755511	69.54098462701374
1.1278557114228458	68.30014138081049
1.1362725450901805	67.07628211877316
1.1446893787575152	65.8692497022902
1.15310621242485	64.67888772513622
1.1615230460921846	63.50504051347204
1.1699398797595193	62.34755312584467
1.1783567134268538	61.20627135318732
1.1867735470941885	60.08104171881933
1.1951903807615232	58.97171147844633
1.2036072144288579	57.87812862016005
1.2120240480961926	56.80014186443848
1.2204408817635273	55.73760066414573
1.228857715430862	54.69035520453218
1.2372745490981965	53.65825640323433
1.2456913827655312	52.64115591027492
1.2541082164328659	51.638906108062834
1.2625250501002006	50.65136011139318
1.2709418837675353	49.67837176744727
1.27935871743487	48.71979565579256
1.2877755511022047	47.775487088382725
1.2961923847695394	46.845302109557636
1.3046092184368738	45.929097496043354
1.3130260521042085	45.026730756952084
1.3214428857715432	44.13806013378229
1.329859719438878	43.262944600418585
1.3382765531062126	42.40124386313178
1.3466933867735473	41.55281836057889
1.355110220440882	40.71752926380309
1.3635270541082165	39.89523847623378
1.3719438877755512	39.085808633686526
1.380360721442886	38.28910310436309
1.3887775551102206	37.50498598885144
1.3971943887775553	36.7333221201257
1.40561122244489	35.97397706354623
1.4140280561122247	35.22681711685954
1.4224448897795594	34.49170931019835
1.4308617234468939	33.768521406081575
1.4392785571142286	33.0571218994143
1.4476953907815633	32.35738001748782
1.456112224448898	31.669165719979606
1.4645290581162327	30.99234969895333
1.4729458917835674	30.326803378858855
1.481362725450902	29.672398916532224
1.4897795591182366	29.02900920119568
1.4981963927855713	28.39650785445765
1.506613226452906	27.77476923031275
1.5150300601202407	27.163668415141796
1.5234468937875754	26.56308122771179
1.53186372745491	25.972884219175914
1.5402805611222448	25.392954673073557
1.5486973947895795	24.823170605330287
1.557114228456914	24.263410764257873
1.5655310621242486	23.713554630554256
1.5739478957915833	23.173482417303585
1.582364729458918	22.643075069976195
1.5907815631262527	22.122214266428603
1.5991983967935874	21.610782416903525
1.6076152304609221	21.108662664029865
1.6160320641282566	20.615738882822722
1.6244488977955913	20.131895680683375
1.632865731462926	19.657018397399295
1.6412825651302607	19.19099310514416
1.6496993987975954	18.733706608477814
1.6581162324649301	18.285046444346307
1.6665330661322648	17.844900882081873
1.6749498997995995	17.413158923402946
1.683366733466934	16.98971030241414
1.6917835671342687	16.574445485606258
1.7002004008016034	16.1672556718563
1.708617234468938	15.768032792427453
1.7170340681362728	15.376669510969094
1.7254509018036075	14.9930592235168
1.7338677354709422	14.61709605849232
1.742284569138277	14.248674876703609
1.7507014028056114	13.887691271344806
1.759118236472946	13.534041567996239
1.7675350701402808	13.187622824624432
1.7759519038076155	12.84833283158209
1.7843687374749502	12.51607011160812
1.7927855711422849	12.19073391982761
1.8012024048096196	11.872224243751843
1.809619238476954	11.560441803278293
1.8180360721442888	11.255288050690616
1.8264529058116235	10.95666517065867
1.8348697394789582	10.6644760802385
1.8432865731462929	10.378624428872333
1.8517034068136276	10.0990145983886
1.8601202404809623	9.825551703001908
1.868537074148297	9.558141589313065
1.8769539078156314	9.29669083630907
1.8853707414829661	9.041106755363103
1.8937875751503008	8.791297390234538
1.9022044088176355	8.547171517068945
1.9106212424849702	8.308638644398078
1.919038076152305	8.075609013139882
1.9274549098196396	7.8479935965985
1.935871743486974	7.6257041004642545
1.9442885771543088	7.4086529628136635
1.9527054108216435	7.1967533541094335
1.9611222444889782	6.989919177200465
1.969539078156313	6.788065067321846
1.9779559118236476	6.591106392094856
1.9863727454909823	6.398959251526964
1.994789579158317	6.211540478011829
2.0032064128256515	6.028767636329301
2.011623246492986	5.8505590236454195
2.020040080160321	5.676833669512417
2.0284569138276556	5.507511335868715
2.0368737474949903	5.342512517038921
2.045290581162325	5.181758439733841
2.0537074148296597	5.025171063050464
2.0621242484969944	4.872673078471974
2.070541082164329	4.724187909867741
2.078957915831664	4.579639713493332
2.0873747494989985	4.438953377990497
2.0957915831663327	4.302054524387184
2.1042084168336674	4.168869506097523
2.112625250501002	4.0393254089218384
2.121042084168337	3.913350051046646
2.1294589178356715	3.790871983044651
2.1378757515030062	3.6718204878747494
2.146292585170341	3.556125580882026
2.1547094188376756	3.4437180097977564
2.1631262525050103	3.3345292547394085
2.171543086172345	3.2284915282106383
2.1799599198396797	3.125537775101292
2.1883767535070144	3.025601672687409
2.196793587174349	2.9286176306312153
2.205210420841684	2.8345207909811303
2.2136272545090185	2.7432470281717616
2.222044088176353	2.6547329490239098
2.2304609218436875	2.5689158927445606
2.238877755511022	2.4857339309268967
2.247294589178357	2.4051258675502862
2.2557114228456916	2.3270312389802896
2.2641282565130263	2.2513903139686584
2.272545090180361	2.178144093653332
2.2809619238476957	2.1072343115584427
2.2893787575150304	2.038603433594311
2.297795591182365	1.97219465805745
2.3062124248497	1.907951915630561
2.3146292585170345	1.845819869382537
2.323046092184369	1.7857439147684606
2.331462925851704	1.7276701796296055
2.3398797595190386	1.671545524193435
2.348296593186373	1.6173175410736031
2.3567134268537075	1.5649345552699538
2.3651302605210422	1.5143456241685223
2.373547094188377	1.4655005375415326
2.3819639278557116	1.418349817547401
2.3903807615230463	1.3728447187307324
2.398797595190381	1.3289372280223233
2.4072144288577157	1.2865800647391594
2.4156312625250504	1.245726680584418
2.424048096192385	1.2063312596474656
2.43246492985972	1.16834871840386
2.4408817635270545	1.1317347057153486
2.4492985971943892	1.0964456028298695
2.457715430861724	1.0624385233815508
2.4661322645290586	1.0296713133907116
2.474549098196393	0.9981025512638609
2.4829659318637276	0.9676915477936978
2.4913827655310623	0.9383983461591121
2.499799599198397	0.9101837219251842
2.5082164328657317	0.8830091830431839
2.5166332665330664	0.8568369698505726
2.525050100200401	0.8316300550710007
2.533466933867736	0.8073521438143103
2.5418837675350705	0.7839676735765327
2.550300601202405	0.7614418142398903
2.55871743486974	0.7397404680727955
2.5671342685370746	0.7188302697298511
2.5755511022044093	0.69867858625185
2.583967935871744	0.679253517065776
2.5923847695390787	0.6605238939848025
2.600801603206413	0.6424592812082943
2.6092184368737477	0.6250299753218053
2.6176352705410824	0.6082070052970806
2.626052104208417	0.5919621324920553
2.6344689378757518	0.5762678506508551
2.6428857715430865	0.5610973859037955
2.651302605210421	0.5464246967673831
2.659719438877756	0.5322244741443143
2.6681362725450906	0.518472141323476
2.6765531062124253	0.5051438539799452
2.68496993987976	0.49221650017498986
2.6933867735470947	0.47966770035606765
2.7018036072144294	0.4674758073568268
2.710220440881764	0.455619906397106
2.7186372745490988	0.44407981508293415
2.727054108216433	0.4328360834065306
2.7354709418837677	0.42186999374630485
2.7438877755511024	0.4111635608668569
2.752304609218437	0.40069953191897695
2.760721442885772	0.3904613864396458
2.7691382765531065	0.38043333635203436
2.777555110220441	0.3706003259655039
2.785971943887776	0.3609480319756062
2.7943887775551106	0.3514628634640831
2.8028056112224453	0.3421319618988672
2.81122244488978	0.3329432011340809
2.8196392785571147	0.32388518741003736
2.8280561122244494	0.3149472593532399
2.836472945891784	0.30611948797638233
2.844889779559119	0.2973926766783486
2.853306613226453	0.2887583612442132
2.8617234468937878	0.2802088098452407
2.8701402805611225	0.27173702303888636
2.878557114228457	0.2633367337687954
2.886973947895792	0.25500240736480373
2.8953907815631266	0.24672924154293732
2.9038076152304613	0.2385131664054127
2.912224448897796	0.23035084444063667
2.9206412825651307	0.22223967052320623
2.9290581162324654	0.21417777191390894
2.9374749498998	0.20616400825972256
2.9458917835671348	0.19819797159381525
2.9543086172344695	0.19027998633554544
2.962725450901804	0.18241110929046203
2.971142284569139	0.17459312965030416
2.979559118236473	0.16682856899300127
2.987975951903808	0.15912068128267332
2.9963927855711425	0.15147345286963038
3.0048096192384772	0.14389160249037308
3.013226452905812	0.13638058126759223
3.0216432865731466	0.12894657271016904
3.0300601202404813	0.12159649271317513
3.038476953907816	0.11433798955787232
3.0468937875751507	0.10717944391171284
3.0553106212424854	0.10012996882833933
3.06372745490982	0.09319940974758464
3.072144288577155	0.08639834449547207
3.0805611222444895	0.07973808328421521
3.0889779559118242	0.07323066871221798
3.097394789579159	0.06688887576407467
3.105811623246493	0.060726211810569926
3.114228456913828	0.05475691660867867
3.1226452905811626	0.04899596230156623
3.1310621242484973	0.043459053418588245
3.139478957915832	0.0381626268752907
3.1478957915831667	0.03312385197340992
3.1563126252505014	0.02836063040087258
3.164729458917836	0.02389159623179568
3.173146292585171	0.019736115926486577
3.1815631262525055	0.01591428833144296
3.18997995991984	0.01244694467935286
3.198396793587175	0.00935564858909465
3.2068136272545096	0.0066626960657370435
3.2152304609218443	0.004391115500539097
3.223647294589179	0.002564667670950206
3.2320641282565132	0.0012078457406101083
3.240480961923848	0.00034587525934888145
3.2488977955911826	4.714163186945074e-6
3.2573146292585173	0.
3.265731462925852	0.
3.2741482965931867	0.
3.2825651302605214	0.
3.290981963927856	0.
3.299398797595191	0.
3.3078156312625255	0.
3.3162324649298602	0.
3.324649298597195	0.
3.3330661322645296	0.
3.3414829659318643	0.
3.349899799599199	0.
3.3583166332665337	0.
3.366733466933868	0.
3.3751503006012027	0.
3.3835671342685374	0.
3.391983967935872	0.
3.400400801603207	0.
3.4088176352705415	0.
3.417234468937876	0.
3.425651302605211	0.
3.4340681362725456	0.
3.4424849699398803	0.
3.450901803607215	0.
3.4593186372745497	0.
3.4677354709418844	0.
3.476152304609219	0.
3.484569138276554	0.
3.492985971943888	0.
3.5014028056112227	0.
3.5098196392785574	0.
3.518236472945892	0.
3.526653306613227	0.
3.5350701402805615	0.
3.5434869739478962	0.
3.551903807615231	0.
3.5603206412825656	0.
3.5687374749499003	0.
3.577154308617235	0.
3.5855711422845697	0.
3.5939879759519044	0.
3.602404809619239	0.
3.610821643286574	0.
3.619238476953908	0.
3.627655310621243	0.
3.6360721442885775	0.
3.644488977955912	0.
3.652905811623247	0.
3.6613226452905816	0.
3.6697394789579163	0.
3.678156312625251	0.
3.6865731462925857	0.
3.6949899799599204	0.
3.703406813627255	0.
3.71182364729459	0.
3.7202404809619245	0.
3.728657314629259	0.
3.737074148296594	0.
3.745490981963928	0.
3.753907815631263	0.
3.7623246492985976	0.
3.7707414829659323	0.
3.779158316633267	0.
3.7875751503006017	0.
3.7959919839679364	0.
3.804408817635271	0.
3.8128256513026058	0.
3.8212424849699405	0.
3.829659318637275	0.
3.83807615230461	0.
3.8464929859719446	0.
3.8549098196392793	0.
3.863326653306614	0.
3.871743486973948	0.
3.880160320641283	0.
3.8885771543086176	0.
3.8969939879759523	0.
3.905410821643287	0.
3.9138276553106217	0.
3.9222444889779564	0.
3.930661322645291	0.
3.939078156312626	0.
3.9474949899799605	0.
3.955911823647295	0.
3.96432865731463	0.
3.9727454909819646	0.
3.9811623246492993	0.
3.989579158316634	0.
3.9979959919839683	0.
4.006412825651303	0.
4.014829659318638	0.
4.023246492985972	0.
4.031663326653307	0.
4.040080160320642	0.
4.0484969939879765	0.
4.056913827655311	0.
4.065330661322646	0.
4.073747494989981	0.
4.082164328657315	0.
4.09058116232465	0.
4.098997995991985	0.
4.107414829659319	0.
4.115831663326654	0.
4.124248496993989	0.
4.1326653306613235	0.
4.141082164328658	0.
4.149498997995993	0.
4.157915831663328	0.
4.166332665330662	0.
4.174749498997997	0.
4.183166332665331	0.
4.1915831663326655	0.
4.2	0.