0	16.93178412225301
0.00841683366733467	16.862587371498304
0.01683366733466934	16.793532306921566
0.02525050100200401	16.724618928522798
0.03366733466933868	16.655847236301994
0.042084168336673354	16.58721723025916
0.05050100200400802	16.51872891039429
0.05891783567134269	16.45038227670739
0.06733466933867736	16.38217732919846
0.07575150300601204	16.314114067867493
0.08416833667334671	16.246192492714492
0.09258517034068138	16.17841260373946
0.10100200400801604	16.110774400942393
0.10941883767535071	16.043277884323295
0.11783567134268538	15.975923053882166
0.12625250501002006	15.908709909619002
0.13466933867735473	15.841638451533806
0.1430861723446894	15.774708679626578
0.15150300601202407	15.707920593897315
0.15991983967935874	15.64127419434602
0.16833667334669342	15.57476948097269
0.1767535070140281	15.508406453777331
0.18517034068136276	15.442185112759937
0.19358717434869743	15.376105457920511
0.20200400801603208	15.310167489259053
0.21042084168336675	15.24437120677556
0.21883767535070142	15.178716610470035
0.2272545090180361	15.113203700342478
0.23567134268537077	15.047832476392887
0.24408817635270544	14.982602938621262
0.2525050100200401	14.917515087027606
0.2609218436873748	14.852568921611919
0.26933867735470945	14.787764442374197
0.2777555110220441	14.723101649314442
0.2861723446893788	14.658580542432654
0.29458917835671344	14.594201121728835
0.30300601202404814	14.529963387202981
0.3114228456913828	14.465867338855094
0.3198396793587175	14.401912976685177
0.32825651302605213	14.338100300693224
0.33667334669338683	14.27442931087924
0.3450901803607215	14.210900007243223
0.3535070140280562	14.147512389785172
0.3619238476953908	14.08426645850509
0.3703406813627255	14.021162213402974
0.37875751503006017	13.958199654478825
0.38717434869739487	13.895378781732644
0.3955911823647295	13.83269959516443
0.40400801603206415	13.770162094774182
0.41242484969939885	13.707766280561902
0.4208416833667335	13.645512152527589
0.4292585170340682	13.583399710671243
0.43767535070140284	13.521428954992864
0.44609218436873754	13.459599885492453
0.4545090180360722	13.397912502170009
0.4629258517034069	13.33636680502553
0.47134268537074153	13.274962794059022
0.47975951903807623	13.213700469270478
0.4881763527054109	13.152579830659903
0.4965931863727456	13.091600878227295
0.5050100200400802	13.030763611972652
0.5134268537074149	12.970068031895979
0.5218436873747496	12.90951413799727
0.5302605210420842	12.84910193027653
0.5386773547094189	12.788831408733758
0.5470941883767536	12.72870257336895
0.5555110220440882	12.668715424182112
0.5639278557114229	12.60886996117324
0.5723446893787576	12.549166184342337
0.5807615230460923	12.4896040936894
0.5891783567134269	12.430183689214429
0.5975951903807616	12.370904970917426
0.6060120240480963	12.31176793879839
0.614428857715431	12.25277259285732
0.6228456913827656	12.193918933094219
0.6312625250501003	12.135206959509086
0.639679358717435	12.076636672101918
0.6480961923847697	12.018208070872717
0.6565130260521043	11.959921155821485
0.664929859719439	11.901775926948218
0.6733466933867737	11.84377238425292
0.6817635270541083	11.785910527735588
0.690180360721443	11.728190357396224
0.6985971943887777	11.670611873234828
0.7070140280561124	11.613175075251398
0.7154308617234469	11.555879963445934
0.7238476953907816	11.498726537818438
0.7322645290581163	11.44171479836891
0.740681362725451	11.384844745097348
0.7490981963927856	11.328116378003754
0.7575150300601203	11.271529697088127
0.765931863727455	11.215084702350469
0.7743486973947897	11.158781393790775
0.7827655310621243	11.10261977140905
0.791182364729459	11.04659983520529
0.7995991983967937	10.9907215851795
0.8080160320641283	10.934985021331675
0.816432865731463	10.87939014366182
0.8248496993987977	10.823936952169928
0.8332665330661324	10.768625446856007
0.841683366733467	10.713455627720052
0.8501002004008017	10.658427494762062
0.8585170340681364	10.603541047982041
0.8669338677354711	10.548796287379988
0.8753507014028057	10.494193212955901
0.8837675350701404	10.439731824709781
0.8921843687374751	10.385412122641629
0.9006012024048098	10.331234106751443
0.9090180360721444	10.277197777039225
0.9174348697394791	10.223303133504974
0.9258517034068138	10.16955017614869
0.9342685370741485	10.115938904970372
0.9426853707414831	10.062469319970024
0.9511022044088178	10.00914142114764
0.9595190380761525	9.955955208503227
0.967935871743487	9.902910682036778
0.9763527054108218	9.850007841748297
0.9847695390781565	9.797246687637783
0.9931863727454912	9.744627219705237
1.0016032064128257	9.692149437950658
1.0100200400801604	9.639813342374046
1.0184368737474951	9.587618932975401
1.0268537074148298	9.535566209754721
1.0352705410821645	9.48365517271201
1.0436873747494992	9.431885821847267
1.0521042084168337	9.38025815716049
1.0605210420841684	9.32877217865168
1.0689378757515031	9.27742788632084
1.0773547094188378	9.226225280167965
1.0857715430861725	9.175164360193056
1.0941883767535072	9.124245126396115
1.102605210420842	9.073467578777143
1.1110220440881764	9.022831717336135
1.119438877755511	8.972337542073097
1.1278557114228458	8.921985052988024
1.1362725450901805	8.87177425008092
1.1446893787575152	8.82170513335178
1.15310621242485	8.77177770280061
1.1615230460921846	8.721991958427408
1.1699398797595193	8.672347900232172
1.1783567134268538	8.622845528214903
1.1867735470941885	8.5734848423756
1.1951903807615232	8.524265842714264
1.2036072144288579	8.475188529230897
1.2120240480961926	8.426252901925498
1.2204408817635273	8.377458960798064
1.228857715430862	8.328806705848598
1.2372745490981965	8.280296137077098
1.2456913827655312	8.231927254483566
1.2541082164328659	8.183700058068002
1.2625250501002006	8.135614547830404
1.2709418837675353	8.087670723770774
1.27935871743487	8.03986858588911
1.2877755511022047	7.9922081341854145
1.2961923847695394	7.944689368659685
1.3046092184368738	7.897312289311923
1.3130260521042085	7.850076896142129
1.3214428857715432	7.802983189150301
1.329859719438878	7.756031168336441
1.3382765531062126	7.709220833700548
1.3466933867735473	7.662552185242622
1.355110220440882	7.616025222962663
1.3635270541082165	7.569639946860671
1.3719438877755512	7.523396356936646
1.380360721442886	7.47729445319059
1.3887775551102206	7.431334235622499
1.3971943887775553	7.385515704232376
1.40561122244489	7.339838859020221
1.4140280561122247	7.294303699986031
1.4224448897795594	7.24891022712981
1.4308617234468939	7.203658440451555
1.4392785571142286	7.158548339951268
1.4476953907815633	7.113579925628948
1.456112224448898	7.068753197484595
1.4645290581162327	7.02406815551821
1.4729458917835674	6.9795247997297905
1.481362725450902	6.935123130119339
1.4897795591182366	6.890863146686855
1.4981963927855713	6.846744849432338
1.506613226452906	6.802768238355788
1.5150300601202407	6.758933313457205
1.5234468937875754	6.715240074736589
1.53186372745491	6.67168852219394
1.5402805611222448	6.628278655829259
1.5486973947895795	6.585010475642545
1.557114228456914	6.541883981633798
1.5655310621242486	6.498899173803018
1.5739478957915833	6.456056052150205
1.582364729458918	6.41335461667536
1.5907815631262527	6.370794867378481
1.5991983967935874	6.32837680425957
1.6076152304609221	6.286100427318626
1.6160320641282566	6.243965736555649
1.6244488977955913	6.201972731970639
1.632865731462926	6.160121413563596
1.6412825651302607	6.118411781334521
1.6496993987975954	6.076843835283412
1.6581162324649301	6.035417575410271
1.6665330661322648	5.994133001715097
1.6749498997995995	5.952990114197891
1.683366733466934	5.911988912858651
1.6917835671342687	5.871129397697378
1.7002004008016034	5.830411568714073
1.708617234468938	5.789835425908735
1.7170340681362728	5.749400969281363
1.7254509018036075	5.709108198831959
1.7338677354709422	5.668957114560523
1.742284569138277	5.628947716467054
1.7507014028056114	5.589080004551551
1.759118236472946	5.549353978814016
1.7675350701402808	5.509769639254448
1.7759519038076155	5.4703269858728465
1.7843687374749502	5.431026018669213
1.7927855711422849	5.3918667376435465
1.8012024048096196	5.352849142795847
1.809619238476954	5.313973234126115
1.8180360721442888	5.2752390116343495
1.8264529058116235	5.236646475320551
1.8348697394789582	5.19819562518472
1.8432865731462929	5.159886461226857
1.8517034068136276	5.12171898344696
1.8601202404809623	5.083693191845031
1.868537074148297	5.045809086421069
1.8769539078156314	5.008066667175074
1.8853707414829661	4.970465934107046
1.8937875751503008	4.933006887216985
1.9022044088176355	4.895689526504891
1.9106212424849702	4.8585138519707645
1.919038076152305	4.821479863614606
1.9274549098196396	4.784587561436413
1.935871743486974	4.747836945436188
1.9442885771543088	4.711228015613931
1.9527054108216435	4.67476077196964
1.9611222444889782	4.638435214503317
1.969539078156313	4.60225134321496
1.9779559118236476	4.566209158104571
1.9863727454909823	4.530308659172149
1.994789579158317	4.494549846417694
2.0032064128256515	4.458932719841206
2.011623246492986	4.423457279442686
2.020040080160321	4.388123525222133
2.0284569138276556	4.3529314571795465
2.0368737474949903	4.3178810753149275
2.045290581162325	4.2829723796282755
2.0537074148296597	4.2482053701195905
2.0621242484969944	4.213580046788873
2.070541082164329	4.179096409636123
2.078957915831664	4.144754458661339
2.0873747494989985	4.110554193864523
2.0957915831663327	4.076495615245674
2.1042084168336674	4.042578722804792
2.112625250501002	4.008803516541877
2.121042084168337	3.97516999645693
2.1294589178356715	3.94167816254995
2.1378757515030062	3.9083280148209365
2.146292585170341	3.8751195532698905
2.1547094188376756	3.8420527778968117
2.1631262525050103	3.8091276887017
2.171543086172345	3.7763442856845555
2.1799599198396797	3.743702568845378
2.1883767535070144	3.711202538184168
2.196793587174349	3.678844193700925
2.205210420841684	3.6466275353956488
2.2136272545090185	3.61455256326834
2.222044088176353	3.5826192773189987
2.2304609218436875	3.550827677547624
2.238877755511022	3.5191777639542168
2.247294589178357	3.487669536538777
2.2557114228456916	3.4563029953013036
2.2641282565130263	3.425078140241798
2.272545090180361	3.393994971360259
2.2809619238476957	3.363053488656688
2.2893787575150304	3.3322536921310832
2.297795591182365	3.301595581783446
2.3062124248497	3.271079157613776
2.3146292585170345	3.2407044196220736
2.323046092184369	3.2104713678083376
2.331462925851704	3.180380002172569
2.3398797595190386	3.150430322714768
2.348296593186373	3.1206223294349336
2.3567134268537075	3.0909560223330663
2.3651302605210422	3.0614314014091666
2.373547094188377	3.032048466663234
2.3819639278557116	3.0028072180952683
2.3903807615230463	2.9737076557052697
2.398797595190381	2.9447497794932382
2.4072144288577157	2.9159335894591742
2.4156312625250504	2.8872590856030773
2.424048096192385	2.8587262679249474
2.43246492985972	2.8303351364247846
2.4408817635270545	2.8020856911025893
2.4492985971943892	2.773977931958361
2.457715430861724	2.7460118589921
2.4661322645290586	2.7181874722038057
2.474549098196393	2.690504771593479
2.4829659318637276	2.662963757161119
2.4913827655310623	2.6355644289067266
2.499799599198397	2.608306786830301
2.5082164328657317	2.581190830931843
2.5166332665330664	2.554216561211352
2.525050100200401	2.527383977668828
2.533466933867736	2.5006930803042713
2.5418837675350705	2.4741438691176816
2.550300601202405	2.4477363441090594
2.55871743486974	2.421470505278404
2.5671342685370746	2.3953463526257157
2.5755511022044093	2.3693638861509947
2.583967935871744	2.343523105854241
2.5923847695390787	2.3178240117354543
2.600801603206413	2.292266603794635
2.6092184368737477	2.2668508820317825
2.6176352705410824	2.2415768464468973
2.626052104208417	2.2164444970399795
2.6344689378757518	2.1914538338110283
2.6428857715430865	2.1666048567600447
2.651302605210421	2.141897565887028
2.659719438877756	2.117331961191979
2.6681362725450906	2.0929080426748965
2.6765531062124253	2.0686258103357815
2.68496993987976	2.0444852641746336
2.6933867735470947	2.0204864041914528
2.7018036072144294	1.9966292303862392
2.710220440881764	1.972913742758993
2.7186372745490988	1.9493399413097134
2.727054108216433	1.9259078260384015
2.7354709418837677	1.9026173969450564
2.7438877755511024	1.8794686540296786
2.752304609218437	1.856461597292268
2.760721442885772	1.8335962267328245
2.7691382765531065	1.810872542351348
2.777555110220441	1.788290544147839
2.785971943887776	1.7658502321222969
2.7943887775551106	1.743551606274722
2.8028056112224453	1.7213946666051143
2.81122244488978	1.6993794131134738
2.8196392785571147	1.6775058457998004
2.8280561122244494	1.655773964664094
2.836472945891784	1.634183769706355
2.844889779559119	1.612735260926583
2.853306613226453	1.5914284383247783
2.8617234468937878	1.5702633019009407
2.8701402805611225	1.5492398516550703
2.878557114228457	1.528358087587167
2.886973947895792	1.507618009697231
2.8953907815631266	1.487019617985262
2.9038076152304613	1.46656291245126
2.912224448897796	1.4462478930952254
2.9206412825651307	1.426074559917158
2.9290581162324654	1.4060429129170575
2.9374749498998	1.3861529520949245
2.9458917835671348	1.3664046774507583
2.9543086172344695	1.3467980889845594
2.962725450901804	1.3273331866963278
2.971142284569139	1.3080099705860633
2.979559118236473	1.2888284406537658
2.987975951903808	1.2697885968994356
2.9963927855711425	1.2508904393230724
3.0048096192384772	1.2321339679246766
3.013226452905812	1.2135191827042477
3.0216432865731466	1.1950460836617862
3.0300601202404813	1.1767146707972918
3.038476953907816	1.1585249441107646
3.0468937875751507	1.1404769036022044
3.0553106212424854	1.1225705492716114
3.06372745490982	1.1048058811189856
3.072144288577155	1.0871828991443269
3.0805611222444895	1.0697016033476354
3.0889779559118242	1.052361993728911
3.097394789579159	1.035164070288154
3.105811623246493	1.018107833025364
3.114228456913828	1.001193281940541
3.1226452905811626	0.9844204170336852
3.1310621242484973	0.9677892383047967
3.139478957915832	0.9512997457538753
3.1478957915831667	0.934951939380921
3.1563126252505014	0.918745819185934
3.164729458917836	0.902681385168914
3.173146292585171	0.8867586373298613
3.1815631262525055	0.8709775756687756
3.18997995991984	0.8553382001856572
3.198396793587175	0.8398405108805059
3.2068136272545096	0.8244845077533218
3.2152304609218443	0.8092701908041048
3.223647294589179	0.794197560032855
3.2320641282565132	0.7792666154395723
3.240480961923848	0.7644773570242568
3.2488977955911826	0.7498297847869084
3.2573146292585173	0.7353238987275272
3.265731462925852	0.7209596988461132
3.2741482965931867	0.7067371851426664
3.2825651302605214	0.6926563576171867
3.290981963927856	0.6787172162696741
3.299398797595191	0.6649197611001287
3.3078156312625255	0.6512639921085505
3.3162324649298602	0.6377499092949394
3.324649298597195	0.6243775126592954
3.3330661322645296	0.6111468022016187
3.3414829659318643	0.5980577779219091
3.349899799599199	0.5851104398201666
3.3583166332665337	0.5723047878963913
3.366733466933868	0.5596408221505832
3.3751503006012027	0.5471185425827422
3.3835671342685374	0.5347379491928683
3.391983967935872	0.5224990419809616
3.400400801603207	0.5104018209470222
3.4088176352705415	0.49844628609104985
3.417234468937876	0.4866324374130446
3.425651302605211	0.47496027491300663
3.4340681362725456	0.46342979859093575
3.4424849699398803	0.45204100844683204
3.450901803607215	0.44079390448069544
3.4593186372745497	0.4296884866925261
3.4677354709418844	0.4187247550823238
3.476152304609219	0.40790270965008874
3.484569138276554	0.39722235039582077
3.492985971943888	0.38668367731952
3.5014028056112227	0.3762866904211864
3.5098196392785574	0.36603138970081994
3.518236472945892	0.35591777515842066
3.526653306613227	0.3459458467939885
3.5350701402805615	0.33611560460752354
3.5434869739478962	0.3264270485990257
3.551903807615231	0.31688017876849506
3.5603206412825656	0.3074749951159315
3.5687374749499003	0.2982114976413352
3.577154308617235	0.289089686344706
3.5855711422845697	0.28010956122604397
3.5939879759519044	0.27127112228534905
3.602404809619239	0.26257436952262136
3.610821643286574	0.2540193029378608
3.619238476953908	0.2456059225310674
3.627655310621243	0.23733422830224113
3.6360721442885775	0.22920422025138204
3.644488977955912	0.22121589837849012
3.652905811623247	0.21336926268356535
3.6613226452905816	0.20566431316660772
3.6697394789579163	0.19810104982761725
3.678156312625251	0.19067947266659396
3.6865731462925857	0.18339958168353782
3.6949899799599204	0.17626137687844884
3.703406813627255	0.169264858251327
3.71182364729459	0.16241002580217234
3.7202404809619245	0.15569687953098482
3.728657314629259	0.14912541943776447
3.737074148296594	0.1426956455225113
3.745490981963928	0.13640755778522526
3.753907815631263	0.13026115622590637
3.7623246492985976	0.12425644084455464
3.7707414829659323	0.11839341164117008
3.779158316633267	0.11267206861575267
3.7875751503006017	0.10709241176830242
3.7959919839679364	0.10165444109881933
3.804408817635271	0.0963581566073034
3.8128256513026058	0.09120355829375462
3.8212424849699405	0.086190646158173
3.829659318637275	0.08131942020055855
3.83807615230461	0.07658988042091124
3.8464929859719446	0.0720020268192311
3.8549098196392793	0.06755585939551811
3.863326653306614	0.06325137814977227
3.871743486973948	0.05908858308199361
3.880160320641283	0.055067474192182095
3.8885771543086176	0.05118805148033774
3.8969939879759523	0.04745031494646054
3.905410821643287	0.0438542645905505
3.9138276553106217	0.040399900412607624
3.9222444889779564	0.0370872224126319
3.930661322645291	0.033916230590623334
3.939078156312626	0.03088692494658192
3.9474949899799605	0.02799930548050767
3.955911823647295	0.025253372192400578
3.96432865731463	0.022649125082260642
3.9727454909819646	0.020186564150087863
3.9811623246492993	0.017865689395882244
3.989579158316634	0.015686500819643782
3.9979959919839683	0.013648998421372478
4.006412825651303	0.011753182201068331
4.014829659318638	0.009999052158731342
4.023246492985972	0.008386608294361511
4.031663326653307	0.006915850607958838
4.040080160320642	0.005586779099523323
4.0484969939879765	0.004399393769054965
4.056913827655311	0.0033536946165537655
4.065330661322646	0.002449681642019724
4.073747494989981	0.0016873548454528395
4.082164328657315	0.001066714226853113
4.09058116232465	0.0005877597862205444
4.098997995991985	0.0002504915235551336
4.107414829659319	0.000054909438856880556
4.115831663326654	0.
4.124248496993989	0.
4.1326653306613235	0.
4.141082164328658	0.
4.149498997995993	0.
4.157915831663328	0.
4.166332665330662	0.
4.174749498997997	0.
4.183166332665331	0.
4.1915831663326655	0.
4.2	0.