0.6880969225327201	0.9874608150470221
0.699770074283693	0.8871473354231978
0.7162186062964273	0.7766457680250785
0.7268305624336753	0.6818181818181819
0.7430137955429783	0.5885579937304075
0.7584011319419879	0.4851097178683387
0.7782985496993279	0.36206896551724144
0.7934205871949062	0.27821316614420066
0.8098691192076406	0.2123824451410658
0.8273788468340997	0.14811912225705334
0.8472762645914396	0.08463949843260186
0.8658471878316236	0.03448275862068959
0.8870711001061196	-0.014106583072100293
0.9114785992217898	-0.05721003134796237
0.9372125928546161	-0.08620689655172414
0.9653342766183233	-0.11050156739811914
1.0085779978776088	-0.12460815047021949
1.0624336752741421	-0.11598746081504707
1.1043509020162716	-0.103448275862069
1.138309161655465	-0.08620689655172414
1.1616554651574105	-0.08307210031347964
1.1839405730456314	-0.07445141065830722
1.206225680933852	-0.06739811912225707
1.234082065794128	-0.05877742946708465
1.2632649451715598	-0.04858934169279
1.2913866289352671	-0.04310344827586207
1.3184471170852492	-0.039968652037617625
1.3545277679518923	-0.03605015673981198
1.396710293597453	-0.029780564263322866
1.432790944464096	-0.031347962382445145
1.4656880084895647	-0.024294670846395056
1.5017686593562078	-0.024294670846395056
1.5381146091262823	-0.01724137931034485
1.5707463742483196	-0.014106583072100293
1.6047046338875128	-0.012539184952978125
1.6397240891404314	-0.008620689655172481
1.6795189246551112	-0.007053291536050202
1.7169260700389104	-0.008620689655172481
