0.5916466346153846	0.2974988201982067
0.59375	0.2807456347333648
0.5970552884615384	0.26068900424728647
0.6009615384615384	0.2353232656913639
0.6069711538461539	0.2018168947616801
0.6111778846153846	0.18411986786219922
0.6138822115384616	0.17090608777725344
0.6156850961538461	0.15875412930627655
0.6183894230769231	0.13728173666823976
0.6246995192307692	0.10448324681453516
0.6246995192307692	0.11828692779613029
0.6307091346153846	0.07498820198206704
0.6361177884615384	0.04797074091552622
0.6388221153846154	0.007857479943369522
0.6442307692307692	-0.019631901840490795
0.6493389423076923	-0.04853704577630957
0.6574519230769231	-0.08286927796130249
0.6649639423076923	-0.10847097687588483
0.6724759615384616	-0.12829164700330342
0.6850961538461537	-0.14174138744690892
0.6998197115384615	-0.15235960358659745
0.71484375	-0.16002831524303918
0.7289663461538461	-0.1642756016989146
0.7475961538461539	-0.16368570080226522
0.7638221153846154	-0.1589664936290703
0.7788461538461539	-0.15153374233128833
0.7947716346153846	-0.14233128834355827
0.8082932692307692	-0.13301085417649833
0.8278245192307692	-0.11932515337423312
0.8506610576923077	-0.10422369042000944
0.8695913461538461	-0.08865030674846625
0.8870192307692308	-0.07567248702218027
0.9059495192307692	-0.06033506370929684
0.9260817307692308	-0.046059462010382246
0.9489182692307692	-0.031075979235488424
0.9705528846153846	-0.01514865502595561
0.986778846153846	-0.006182161396885322
1.0096153846153846	0.0075035394053799
1.0297475961538463	0.0183577159037282
1.0498798076923075	0.025554506842850433
1.0673076923076923	0.02944785276073622
1.0862379807692308	0.031571495988673925
1.1045673076923077	0.030745634733364835
1.1219951923076923	0.02626238791882965
1.1382211538461537	0.020245398773006157
1.15625	0.014464369985842385
1.1730769230769231	0.009391222274657884
1.1959134615384615	0.00325625294950449
