0.7093862815884476	0.2998584237848042
0.7141997593261131	0.27177914110429446
0.7229241877256317	0.24641340254837188
0.7277376654632972	0.2168003775365739
0.7364620938628158	0.18329400660689008
0.7412755716004813	0.1650070788107598
0.7445848375451263	0.14388862671071265
0.7478941034897714	0.12489381783860312
0.753309265944645	0.10955639452571966
0.7554151624548736	0.09823029731005192
0.7587244283995187	0.08360075507314771
0.7641395908543923	0.07074091552619163
0.7695547533092659	0.057173194903256286
0.7755716004813478	0.04053798961774421
0.7836943441636582	0.02626238791882965
0.7897111913357401	0.013402548371873546
0.8017448856799037	-0.00016517225106180145
0.8104693140794224	-0.008895705521472369
0.8255114320096268	-0.01857008022652193
0.8408543922984356	-0.024469089193015547
0.8619133574007221	-0.026238791882963644
0.8811672683513838	-0.023879188296366205
0.9034296028880866	-0.02069372345445966
0.9265944645006017	-0.015974516281264756
0.9479542719614922	-0.011727229825389318
0.9654031287605295	-0.007008022652194412
0.983754512635379	-0.0027607361963190025
1.009927797833935	0.007857479943369522
1.0240673886883274	0.015998112317130747
1.0391095066185319	0.022369042000943862
1.053249097472924	0.02685228881547902
1.0761131167268352	0.030745634733364835
1.0968712394705173	0.030745634733364835
1.115222623345367	0.027088249174138768
1.1299638989169676	0.022133081642284114
1.1456077015643802	0.017295894289759334
1.1642599277978338	0.01151486550259559
1.184416365824308	0.006441717791411089
