0.5115722266560255	0.42035398230088494
0.529928172386273	0.37905604719764013
0.554269752593775	0.33185840707964603
0.5782122905027933	0.2728613569321534
0.5977653631284916	0.2271386430678466
0.6221069433359936	0.17551622418879056
0.6532322426177175	0.11061946902654868
0.6783719074221868	0.05604719764011799
0.7059058260175579	0.
0.7358339984038309	-0.048672566371681415
0.7601755786113328	-0.0943952802359882
0.7841181165203512	-0.13421828908554573
0.8072625698324023	-0.1710914454277286
0.8324022346368716	-0.20501474926253688
0.8647246608140463	-0.2359882005899705
0.8922585794094174	-0.2610619469026549
0.9233838786911412	-0.28023598820059
0.9557063048683161	-0.2920353982300885
0.9832402234636872	-0.2949852507374631
1.0191540303272149	-0.28171091445427726
1.0490822027134876	-0.26253687315634217
1.0754189944134078	-0.23893805309734512
1.102952913008779	-0.21238938053097345
1.127294493216281	-0.18436578171091444
1.1468475658419792	-0.16224188790560473
1.1683958499600957	-0.13864306784660768
1.1903431763766958	-0.1224188790560472
1.2170790103751	-0.09587020648967551
1.24780526735834	-0.07079646017699115
1.277733439744613	-0.048672566371681415
1.3100558659217878	-0.029498525073746312
1.3387869114126096	-0.016224188790560472
1.3699122106943336	-0.0014749262536873156
1.3998403830806065	0.014749262536873156
1.4297685554668793	0.030973451327433628
1.4608938547486034	0.04129793510324484
1.4976057462090981	0.05014749262536873
1.5263367916999202	0.05014749262536873
1.5574620909816441	0.051622418879056046
1.5849960095770153	0.05014749262536873
1.6125299281723864	0.048672566371681415
1.6380686352753393	0.04277286135693215
1.6679968076616123	0.03982300884955752
1.6943335993615323	0.038348082595870206
1.7218675179569036	0.030973451327433628
1.7517956903431766	0.02359882005899705
1.7793296089385475	0.017699115044247787
